### AllReduce

| Size | 0x0 Ring Simple | 0x0 Ring LL | 0x0 Ring LL128 | 0x0 Tree Simple | 0x0 Tree LL | 0x0 Tree LL128 | 0x7 Ring Simple | 0x7 Ring LL | 0x7 Ring LL128 | 0x7 Tree Simple | 0x7 Tree LL | 0x7 Tree LL128 |
|------|:-:|:-:|:-:|:-:|:-:|:-:|:-:|:-:|:-:|:-:|:-:|:-:|
| 1K   | 1 | 1 | 1 | 1 | 1 | 1 | 1 | 1 | 1 | 1 | 1 | 1 |
| 2K   | 1 | 1 | 1 | 1 | 1 | 1 | 1 | 1 | 1 | 1 | 1 | 1 |
| 4K   | 1 | 1 | 1 | 1 | 1 | 1 | 1 | 1 | 1 | 1 | 1 | 1 |
| 8K   | 1 | 1 | 1 | 1 | 2 | 1 | 1 | 1 | 1 | 1 | 2 | 1 |
| 16K  | 1 | 1 | 1 | 1 | 4 | 1 | 1 | 1 | 1 | 1 | 4 | 1 |
| 32K  | 1 | 1 | 2 | 1 | 8 | 2 | 1 | 1 | 2 | 1 | 8 | 2 |
| 64K  | 2 | 1 | 4 | 2 | 16 | 4 | 2 | 1 | 4 | 2 | 16 | 4 |
| 128K | 4 | 1 | 8 | 4 | 32 | 8 | 4 | 2 | 8 | 4 | 16 | 8 |
| 256K | 8 | 1 | 16 | 8 | 32 | 16 | 8 | 4 | 16 | 8 | 16 | 16 |
| 512K | 16 | 1 | 32 | 16 | 32 | 32 | 16 | 8 | 16 | 16 | 16 | 16 |
| 1M   | 32 | 2 | 32 | 32 | 32 | 32 | 16 | 16 | 16 | 16 | 16 | 16 |
| 2M   | 32 | 4 | 32 | 32 | 32 | 32 | 16 | 16 | 16 | 16 | 16 | 16 |
| 4M   | 32 | 8 | 32 | 32 | 32 | 32 | 16 | 16 | 16 | 16 | 16 | 16 |
| 8M   | 32 | 16 | 32 | 32 | 32 | 16 | 16 | 16 | 16 | 16 | 16 | 16 |
| 16M  | 32 | 32 | 32 | 32 | 32 | 16 | 16 | 16 | 16 | 16 | 16 | 16 |
| 32M  | 32 | 32 | 32 | 32 | 32 | 32 | 16 | 16 | 16 | 16 | 16 | 16 |
| 64M  | 32 | 32 | 32 | 32 | 32 | 32 | 16 | 16 | 16 | 16 | 16 | 16 |
| 128M | 32 | 32 | 32 | 32 | 32 | 32 | 16 | 16 | 16 | 16 | 16 | 16 |
| 256M | 32 | 32 | 32 | 32 | 32 | 32 | 16 | 16 | 16 | 16 | 16 | 16 |
| 512M | 32 | 32 | 32 | 32 | 32 | 32 | 16 | 16 | 16 | 16 | 16 | 16 |
| 1G   | 32 | 32 | 32 | 32 | 32 | 32 | 16 | 16 | 16 | 16 | 16 | 16 |

### AllGather

| Size | 0x7 Ring Simple | 0x7 Ring LL | 0x7 Ring LL128 |
|------|:-:|:-:|:-:|
| 1K   | 1 | 1 | 1 |
| 2K   | 1 | 1 | 1 |
| 4K   | 1 | 1 | 1 |
| 8K   | 1 | 1 | 1 |
| 16K  | 1 | 1 | 1 |
| 32K  | 1 | 1 | 1 |
| 64K  | 2 | 1 | 2 |
| 128K | 4 | 2 | 4 |
| 256K | 4 | — | 4 |
| 512K | 4 | — | 4 |
| 1M   | 4 | — | 4 |
| 2M   | 4 | — | 4 |
| 4M   | 4 | — | 4 |
| 8M   | 4 | — | 4 |
| 16M  | 4 | — | 4 |
| 32M  | 4 | — | 4 |
| 64M  | 4 | — | 4 |
| 128M | 4 | — | 4 |
| 256M | 4 | — | — |
| 512M | 4 | — | — |
| 1G   | 4 | — | — |